1.5 0 0.5 0.75 1.5
3.0 1.5 0.5 0.5 1.0
0 0.5 1.0 0.75 0
0 1.5 1.0 1.25 1.0
2.0 0.5 0.75 0.75 1.5
1.5 1.0 0 0 1.5
5.0 2.0 0 0 0.75
2.0 1.5 1.0 0 2.5
0 1.0 0.5 0.25 1.0
0 1.0 0 0 0.25
0 1.5 0 0.75 0
0.5 2.0 0.5 1.25 1.0
2.0 0.5 0 0 0.5
7.0 0 0 0 0.25
2.25 0.5 0 0 4.0
0 0 0.25 0 0
14.0 1.0 0 0 0
0 2.5 0 0.25 0.75
2.25 1.0 0.5 0 1.25
2.25 1.0 0 0 1.5
0 1.0 0 0.25 0.75
2.0 3.0 0 0 2.5
0 0.5 0 0.5 1.0
0 0 0 0.25 0.75
0 1.0 0 0 0.75
2.0 0 0 1.5 1.25
2.25 1.0 0.5 0 1.5
0 2.0 0 0 1.25
2.0 1.0 0 0 2.5
0 0 1.0 0 0.75
1.75 1.0 0 0 0.75
6.0 2.0 0 0 0.75
0 2.0 0 0 0.5
2.5 1.5 0 0 2.5
2.0 0.5 0.5 0 1.0
2.5 3.0 0 0 2.5
0 0 0.5 0 1.0
0 1.0 1.0 0 0.5
0 0 3.5 0 0
2.0 1.0 0 2.25 1.25
2.25 3.0 0.5 0 1.5
9.0 0.5 0 0 0.5
2.25 1.0 0.5 0 2.5
0 0 0.5 0 1.0
1.5 0 0.5 1.0 1.5
7.25 2.0 0 0 0.5
0 1.5 0.25 0.25 0.75
1.5 1.0 0.25 1.5 1.5
13.0 1.0 0 0 0
0 0.5 0 0.5 3.0
0 0.5 0 0.5 0.75
0 0.5 0 1.5 0.5
0 2.5 0 0.5 0
2.0 0.5 0 0.75 1.0
2.25 0.5 0 0.5 1.5
7.0 0.5 0 0 0.25
2.25 2.0 0.5 0.25 2.5
0 0 1.0 0.75 0.75
0 1.5 0.5 0.75 0.75
5.0 2.5 0 0.25 0.5
2.0 0.5 0.5 0.5 1.0
1.5 2.0 0.5 0.5 1.5
12.0 1.0 0 0 0.5
2.75 1.0 0.25 0 2.5
0 0.5 0.25 0 1.5
0 0.5 0 0.75 0.5
0 1.0 0 0.25 1.0
2.75 0 0.25 0 1.5
1.5 0.5 0 0.5 1.5
0 2.5 0.5 1.5 0
1.75 3.0 0 0.5 2.5
3.0 0.5 0 0.5 0.5
0 0.5 0.5 1.0 0
12.0 0.5 0 0 0
0 0.5 0 0 0
2.0 1.0 0 0.25 2.5
2.0 1.5 0 3.0 1.25
2.25 0.5 0 0 2.5
0 1.0 0 0 1.0
0 1.0 0 1.25 1.25
0 0 0 0.75 0.75
3.25 0 1.0 0 1.0
2.0 3.0 0.5 0 1.5
0 2.0 1.0 0 0
2.0 1.0 0.5 0.25 2.5
0 0.5 0 0.25 0
0 1.0 0.5 1.5 1.25
0 2.5 1.5 1.5 1.0
0 1.0 0 1.75 0
0 0 0 0.5 0.75
2.0 1.0 0 0.25 1.25
2.5 4.0 0 0 1.5
0 5.25 0.5 0.5 0
0 3.0 0 2.0 1.0
1.0 2.0 0.5 1.75 1.0
0 0.5 1.0 0.5 1.5
2.0 0 0.5 0.5 2.5
0 0.25 0 0.25 0
1.5 0 1.0 1.0 1.5
0.75 0 0 0.25 0
16.0 1.0 0 0 0
0 3.0 0.5 0.25 1.5
0.5 1.0 1.5 0 1.0
1.5 1.0 0.5 0.25 1.5
0 1.0 0.5 0 0
0 0.5 1.0 0.75 3.5
0 0 0.5 0.75 0
0 1.0 0.5 0 0
0 1.0 0.5 0 0.5
2.0 1.0 0.5 0.5 1.5
1.5 1.0 0.5 0 1.5
12.0 1.0 0.5 0 0.25
2.0 1.0 0.5 0 2.5
0 2.0 0.5 0.25 0.5
0 4.0 2.0 0.5 1.0
0 2.0 2.0 0 0.75
3.0 1.0 0 0 0
2.0 1.5 0.25 0 2.5
0 1.0 3.0 0 0
2.0 1.0 0 0 2.5
0 3.0 0 0.5 1.0
3.75 2.0 0.5 0.5 1.0
0 3.0 1.0 0.5 0.5
0 2.0 0 0 1.25
1.5 1.0 0.5 0 1.5
0 0.5 0.5 0 0.75
2.0 1.0 0.5 0 3.5
0 0.5 1.0 0 1.0
0 0.75 3.5 0.5 0.5
14.0 0 0 0 0.5
0 1.0 0.5 2.5 0
2.0 2.0 1.0 0.5 2.5
0 0.5 1.5 1.0 0
2.5 1.0 0.5 0 2.5
0 1.0 0.5 0 0.5
0 2.0 1.0 0 0
0 1.0 0 0.5 0.5
2.0 2.0 2.0 0 1.5
0 1.0 2.0 0 1.5
1.5 2.0 2.0 0.5 1.0
2.0 2.5 1.5 0 2.0
0 1.0 0.5 0 0.5
1.25 1.0 0 0 0
5.5 2.0 0.5 0.5 0
0 1.0 0.5 0 0.5
2.0 1.0 0.5 0 2.5
1.0 1.0 0 0 0
3.0 1.5 0.5 0 2.0
0 1.0 0.5 0 0
0 0.5 0 0.5 0.5
0 2.0 0 0 1.0
2.0 1.0 1.0 0.5 1.0
2.75 2.0 0 0 1.5
1.5 2.0 0.5 0.5 0
2.0 0 0.5 0.25 1.25
0 0.5 0 0.25 0.75
1.0 1.5 0 0.5 0.5
13.0 1.5 0 0 0.5
2.0 1.5 0.5 0.5 1.5
0 2.0 0.5 0.75 0
0.25 5.0 1.0 0 0.75
2.25 2.0 1.0 0 2.0
0.25 2.0 0 0.5 0
1.0 2.0 0 0 0.75
0.25 2.5 0 0 1.0
2.25 3.0 0 0 1.0
3.5 2.5 0 0.5 1.0
0.25 2.0 0.5 0 1.0
2.5 2.0 0 0 2.0
0.25 1.5 0 0 0.25
1.0 1.0 0 0 1.0
15.0 1.0 0 0.25 0.25
0 4.0 0.5 0 0
0 0.75 1.0 0.25 0.75
1.0 2.0 0.5 0.5 0.75
2.25 2.5 0 0.5 2.0
0 2.0 0 0 0
0 3.0 0 1.0 0
0.25 2.0 0.5 1.0 0.5
0.25 3.0 0.5 1.0 0.5
0.25 2.5 0 3.5 0.75
1.0 3.0 0.25 1.0 0.75
2.25 5.0 0.5 0 2.0
0 1.0 0.5 0 0.5
2.5 1.5 0.5 0 0.5
17.0 1.0 0 0 0.5
0 3.0 0 0 0.75
2.0 4.0 0 0 1.0
0 3.5 0 0 1.0
2.0 4.0 0 0 2.0
0 3.0 0 0 0
1.0 2.0 0 0 0
0.25 2.5 0 0 1.0
2.0 2.5 0 1.0 1.0
8.0 2.5 0 0.5 1.0
0 4.0 0 2.5 0.75
0 0 0 0 0
0 0 0 0 0
0 0 0 0 0
0 0 0 0 0
0 0 0 0 0
0 0 0 0 0
0 0 0 0 0
0 0 0 0 0
0 0 0 0 0
0 0 0 0 0
0 0 0 0 0
0 0 0 0 0
0 0 0 0 0
0 0 0 0 0
0 0 0 0 0
0 0 0 0 0
0 0 0 0 0
0 0 0 0 0
0 0 0 0 0
0 0 0 0 0
0 0 0 0 0
0 0 0 0 0
0 0 0 0 0
0 0 0 0 0
0 0 0 0 0
0 0 0 0 0
0 0 0 0 0
0 0 0 0 0
0 0 0 0 0
0 0 0 0 0
0 0 0 0 0
0 0 0 0 0
0 0 0 0 0
0 0 0 0 0
0 0 0 0 0
0 0 0 0 0
0 0 0 0 0
0 0 0 0 0
0 0 0 0 0
0 0 0 0 0
0 0 0 0 0
0 0 0 0 0
0 0 0 0 0
0 0 0 0 0
0 0 0 0 0
0 0 0 0 0
0 0 0 0 0
0 0 0 0 0
0 0 0 0 0
0 0 0 0 0
0 0 0 0 0
0 0 0 0 0
0 0 0 0 0
0 0 0 0 0
0 0 0 0 0
0 0 0 0 0
0 0 0 0 0
0 0 0 0 0
0 0 0 0 0
0 0 0 0 0
0 0 0 0 0
0 0 0 0 0
0 0 0 0 0
0 0 0 0 0
0 0 0 0 0
0 0 0 0 0
0 0 0 0 0
0 0 0 0 0
0 0 0 0 0
0 0 0 0 0
0 0 0 0 0
0 0 0 0 0
0 0 0 0 0
0 0 0 0 0
0 0 0 0 0
0 0 0 0 0
0 0 0 0 0
0 0 0 0 0
0 0 0 0 0
0 0 0 0 0
0 0 0 0 0
0 0 0 0 0
0 0 0 0 0
0 0 0 0 0
0 0 0 0 0
0 0 0 0 0
0 0 0 0 0
0 0 0 0 0
0 0 0 0 0
0 0 0 0 0
0 0 0 0 0
0 0 0 0 0
0 0 0 0 0
0 0 0 0 0
0 0 0 0 0
0 0 0 0 0
0 0 0 0 0
0 0 0 0 0
0 0 0 0 0
0 0 0 0 0
0 0 0 0 0
0 0 0 0 0
0 0 0 0 0
0 0 0 0 0
0 0 0 0 0
0 0 0 0 0
0 0 0 0 0
0 0 0 0 0
0 0 0 0 0
0 0 0 0 0
0 0 0 0 0
0 0 0 0 0
0 0 0 0 0
0 0 0 0 0
0 0 0 0 0
0 0 0 0 0
0 0 0 0 0
0 0 0 0 0
0 0 0 0 0
0 0 0 0 0
0 0 0 0 0
0 0 0 0 0
0 0 0 0 0
0 0 0 0 0
0 0 0 0 0
0 0 0 0 0
0 0 0 0 0
0 0 0 0 0
0 0 0 0 0
0 0 0 0 0
0 0 0 0 0
0 0 0 0 0
0 0 0 0 0
0 0 0 0 0
0 0 0 0 0
0 0 0 0 0
0 0 0 0 0
0 0 0 0 0
0 0 0 0 0
0 0 0 0 0
0 0 0 0 0
0 0 0 0 0
0 0 0 0 0
0 0 0 0 0
0 0 0 0 0
0 0 0 0 0
0 0 0 0 0
0 0 0 0 0
0 0 0 0 0
0 0 0 0 0
0 0 0 0 0
0 0 0 0 0
0 0 0 0 0
0 0 0 0 0
0 0 0 0 0
0 0 0 0 0
0 0 0 0 0
0 0 0 0 0
0 0 0 0 0
0 0 0 0 0
0 0 0 0 0
0 0 0 0 0
0 0 0 0 0
0 0 0 0 0
0 0 0 0 0
0 0 0 0 0
0 0 0 0 0
0 0 0 0 0
0 0 0 0 0
0 0 0 0 0
0 0 0 0 0
0 0 0 0 0
0 0 0 0 0
0 0 0 0 0
0 0 0 0 0
0 0 0 0 0
